version https://git-lfs.github.com/spec/v1
oid sha256:263da63910e8faeb1cd741b3d5e878fb3f7d67dd9ba9e6dbf5d4db3a30b40b02
size 425
